10 40
X 6 32 13 7 2 18 10 4 25 3 1 7 28 10 37 10 32 16 30 8 16 11 19 11 29 12 33 4 39 5 24 5 34 10 27 4 38 20 21 8 18 2 9 16 20 17 23 17 35 11 31 14 8 20 7 17 12 19 6 1 5 19 3 10 22 12
X 10 17 35 5 20 17 30 1 9 2 12 8 34 4 28 17 18 15 22 17 1 7 7 7 24 4 5 15 31 4 2 4 25 20 3 20
X 4 33 38 3 17 6 16 19 21 7 23 17 22 4 11 12 7 3 1 4 24 11 35 20 26 6 33 7 8 11 13 4 25 17 4 5 40 9 39 18 18 9 5 6 9 2 14 14 34 10 28 2 32 3 2 14 30 9 27 8 3 3 29 11 19 7 36 6
X 20 6 31 15 19 4 1 11 3 12 8 14 15 13
X 8 28 19 6 1 20 22 6 16 17 14 3 34 14 3 19 40 5 10 5 27 9 6 2 13 14 35 6 26 8 18 10 23 10 20 12 2 7 30 20 39 3 36 6 4 10 17 5 5 16 38 13 28 11 33 4 29 5
X 19 26 35 14 10 5 17 15 5 18 6 1 38 20 4 4 3 18 31 11 20 1 22 3 39 15 7 11 27 7 8 19 16 2 32 9 26 15 25 6 28 15 1 10 23 8 34 14 30 8 29 15 9 19
X 6 6 22 20 37 9 27 7 13 7 16 6 14 19
X 5 8 5 1 14 8 6 4 11 7 37 7 9 10 20 20 18 17
X 7 2 3 3 40 9
X 1 3 3 18 31 15 12 16